EbN0: [14]
BER: [[[[0.002267]]]]
SER: [[[[0.004528]]]]
Noisepower: [[[[17.01010008]]]]
SNR: [[[[18.24743158]]]]
Time to train: 3614.1260089874268
