EbN0: [14]
BER: [[[[0.001549]]]]
SER: [[[[0.003093]]]]
Noisepower: [[[[17.01019433]]]]
SNR: [[[[18.24754825]]]]
Time to train: 3624.5905883312225
