EbN0: [14]
BER: [[[[0.0012795]]]]
SER: [[[[0.002559]]]]
Noisepower: [[[[17.01022807]]]]
SNR: [[[[18.24755273]]]]
Time to train: 3623.7393078804016
