EbN0: [14]
BER: [[[[0.001193]]]]
SER: [[[[0.002386]]]]
Noisepower: [[[[17.01015651]]]]
SNR: [[[[18.24756398]]]]
Time to train: 3614.638346195221
