EbN0: [14]
BER: [[[[0.0011785]]]]
SER: [[[[0.002356]]]]
Noisepower: [[[[17.01029411]]]]
SNR: [[[[18.24764478]]]]
Time to train: 3614.275284051895
