EbN0: [14]
BER: [[[[0.001501]]]]
SER: [[[[0.003002]]]]
Noisepower: [[[[17.01032669]]]]
SNR: [[[[18.24778665]]]]
Time to train: 3605.9970495700836
