EbN0: [14]
BER: [[[[0.002065]]]]
SER: [[[[0.004127]]]]
Noisepower: [[[[17.01036509]]]]
SNR: [[[[18.24775206]]]]
Time to train: 3614.339076280594
