EbN0: [14]
BER: [[[[0.001793]]]]
SER: [[[[0.003584]]]]
Noisepower: [[[[17.01030865]]]]
SNR: [[[[18.24770517]]]]
Time to train: 3614.3087203502655
