EbN0: [14]
BER: [[[[0.002399]]]]
SER: [[[[0.00473]]]]
Noisepower: [[[[17.01029876]]]]
SNR: [[[[18.24762241]]]]
Time to train: 3613.918066263199
